2858
92 59 92 66
50 81 58 81
3 31 3 42
41 165 52 165
2 165 13 165
59 99 59 106
87 72 97 72
124 140 124 151
12 60 21 60
172 198 172 206
67 128 67 139
123 37 126 39
35 39 35 48
12 153 23 153
130 150 141 150
124 113 127 115
45 157 54 157
148 99 148 110
165 30 173 30
117 84 127 84
196 112 196 121
131 1 142 1
122 61 132 61
132 40 143 40
162 38 162 48
140 115 143 117
152 158 155 160
103 171 103 181
180 55 189 55
115 185 115 194
79 37 82 39
85 18 85 25
139 151 141 153
180 9 180 19
58 194 68 194
36 55 36 62
180 90 189 90
190 39 193 41
62 98 69 98
17 164 27 164
93 197 103 197
46 132 48 134
14 195 25 195
91 19 101 19
22 155 22 163
113 199 122 199
32 200 42 200
51 80 59 80
108 174 119 174
182 93 182 104
115 11 115 22
20 104 22 106
183 196 183 206
7 40 18 40
33 68 33 79
107 157 115 157
72 113 83 113
45 73 45 81
12 42 21 42
178 120 178 131
81 91 88 91
28 28 39 28
37 182 40 184
166 24 169 26
70 41 70 51
91 85 102 85
75 40 77 42
109 4 119 4
38 140 38 151
95 160 106 160
173 137 173 146
113 134 123 134
162 105 173 105
117 26 117 36
159 146 168 146
115 125 115 132
193 53 196 55
29 103 29 114
175 6 186 6
59 0 59 10
150 134 150 143
37 74 37 83
3 144 10 144
161 196 161 207
145 79 145 90
125 99 134 99
133 102 133 109
173 162 182 162
58 89 65 89
15 82 15 92
157 30 157 39
8 129 10 131
8 1 8 11
134 67 134 77
85 69 85 80
61 118 72 118
189 102 198 102
97 110 107 110
51 114 51 124
101 129 101 139
153 70 164 70
87 96 95 96
189 137 196 137
13 45 13 56
84 169 87 171
179 143 189 143
144 70 147 72
135 36 146 36
81 92 89 92
149 61 152 63
141 195 151 195
163 74 172 74
114 9 123 9
46 88 48 90
193 65 193 75
178 139 181 141
110 69 110 79
117 65 117 73
4 6 4 15
172 177 172 188
49 57 57 57
4 127 14 127
67 179 77 179
109 176 119 176
166 177 166 186
62 166 65 168
174 14 174 22
172 136 183 136
189 150 192 152
101 188 110 188
99 95 101 97
154 60 157 62
47 44 57 44
52 116 63 116
178 200 181 202
61 26 63 28
59 21 59 32
55 68 65 68
70 9 70 18
72 32 83 32
19 86 29 86
106 91 115 91
96 163 96 172
71 53 80 53
72 95 72 105
51 5 54 7
82 172 82 180
110 18 110 26
8 66 8 75
167 180 167 191
35 154 43 154
61 20 63 22
67 86 70 88
33 152 43 152
19 18 29 18
2 76 2 86
0 136 2 138
175 109 175 117
78 13 78 24
73 99 73 109
174 117 174 128
95 187 102 187
64 126 72 126
13 78 13 86
79 136 79 143
34 50 34 59
97 125 108 125
60 144 71 144
23 175 23 186
67 41 67 52
69 146 69 157
123 152 133 152
63 130 63 141
79 21 79 30
65 193 75 193
180 120 180 129
12 148 22 148
49 82 49 92
172 113 174 115
45 191 53 191
134 102 143 102
113 183 113 193
151 83 158 83
168 122 171 124
116 115 116 126
47 194 50 196
10 135 10 143
125 121 134 121
60 176 69 176
172 152 182 152
1 16 11 16
139 168 139 176
86 51 86 60
182 29 192 29
112 184 112 195
152 192 161 192
43 8 43 18
173 31 175 33
143 118 150 118
53 76 63 76
116 101 116 111
191 82 191 92
49 179 49 189
18 1 28 1
110 149 118 149
103 56 111 56
82 72 82 82
180 70 180 79
89 174 92 176
7 61 17 61
44 170 44 179
82 0 82 10
153 31 153 42
69 57 69 65
73 197 83 197
146 44 146 51
41 132 41 143
46 32 46 41
85 193 85 202
52 125 55 127
35 114 35 124
178 115 189 115
149 187 158 187
12 190 12 198
125 178 128 180
164 147 164 158
125 94 127 96
145 43 145 53
49 30 52 32
114 10 114 19
179 166 186 166
193 153 193 163
47 10 50 12
132 71 132 81
124 41 124 52
105 68 114 68
88 147 96 147
38 70 48 70
55 119 66 119
84 13 84 20
102 161 105 163
156 95 156 106
67 58 67 69
103 88 103 99
13 71 24 71
102 53 102 62
179 66 179 74
108 190 108 198
140 93 142 95
183 169 183 180
138 143 145 143
151 72 153 74
42 92 45 94
84 131 93 131
2 121 13 121
97 162 97 171
29 185 29 195
112 75 122 75
35 105 35 113
187 124 187 133
133 178 143 178
77 8 77 18
11 35 22 35
91 55 99 55
127 154 136 154
5 0 5 10
183 15 192 15
93 36 93 43
146 13 146 21
90 160 93 162
46 129 57 129
147 157 147 168
105 52 113 52
79 41 79 52
14 81 14 92
159 133 167 133
177 186 177 197
153 198 153 206
134 55 143 55
74 165 76 167
155 103 155 111
156 178 159 180
107 180 118 180
55 172 65 172
45 26 56 26
156 5 159 7
48 60 55 60
182 71 185 73
1 41 1 51
169 193 169 203
77 69 77 80
133 197 133 208
143 198 143 205
20 167 29 167
123 104 123 114
91 104 91 115
88 37 88 48
191 121 191 131
83 170 83 181
121 164 131 164
38 110 47 110
40 49 40 58
55 14 63 14
129 42 132 44
142 152 142 163
162 51 172 51
184 119 184 129
25 103 25 113
120 91 120 101
38 39 38 50
13 59 23 59
114 43 117 45
184 39 186 41
81 184 92 184
129 156 136 156
108 113 119 113
68 81 79 81
77 167 84 167
31 167 40 167
40 115 42 117
125 5 134 5
6 1 6 9
24 170 24 181
12 104 12 115
102 136 102 147
100 31 102 33
52 177 62 177
32 30 32 38
132 28 139 28
86 10 86 17
191 51 191 61
110 152 121 152
46 20 57 20
90 98 90 108
138 132 141 134
86 38 86 48
76 115 86 115
134 39 141 39
58 34 61 36
42 34 45 36
15 20 18 22
165 66 176 66
130 142 139 142
147 155 158 155
139 18 139 26
158 194 158 205
20 27 30 27
66 184 66 191
100 73 103 75
148 135 148 145
185 22 193 22
114 101 114 111
114 159 122 159
45 139 55 139
99 64 102 66
12 130 15 132
117 50 117 61
178 173 178 183
43 114 46 116
75 104 78 106
24 121 24 130
121 90 121 100
139 191 149 191
61 152 61 162
86 89 93 89
132 63 143 63
118 190 129 190
21 89 21 100
169 91 169 101
70 129 70 138
23 22 25 24
94 78 96 80
57 88 57 97
134 157 134 167
131 29 131 39
86 151 89 153
26 95 36 95
183 42 186 44
89 47 97 47
73 12 75 14
142 38 150 38
100 1 110 1
158 125 161 127
74 132 74 143
6 162 14 162
141 47 141 54
12 58 19 58
99 186 110 186
74 39 74 50
22 55 25 57
60 49 60 60
164 3 171 3
55 179 55 187
192 18 195 20
190 60 190 70
94 111 94 120
157 160 160 162
86 27 86 35
170 165 170 176
183 74 183 84
65 102 65 112
25 82 36 82
142 122 152 122
94 148 105 148
22 147 29 147
39 131 39 139
36 85 36 94
28 50 28 59
70 99 70 110
134 83 136 85
46 147 49 149
60 0 68 0
97 7 97 18
112 57 112 67
113 100 113 111
104 200 114 200
28 179 31 181
163 163 163 171
76 87 76 97
2 97 2 106
104 12 104 21
22 131 24 133
71 41 71 51
112 123 112 134
29 125 29 133
139 104 139 112
163 134 171 134
108 182 110 184
34 37 44 37
15 144 25 144
98 137 98 147
168 57 178 57
114 144 117 146
15 196 15 206
152 3 160 3
90 68 101 68
5 96 7 98
49 200 49 211
45 17 54 17
79 123 79 132
54 104 54 115
120 40 128 40
46 158 57 158
179 117 187 117
123 12 123 21
162 152 162 163
100 154 103 156
169 113 171 115
59 183 68 183
198 42 198 50
148 23 156 23
186 108 196 108
22 94 33 94
124 7 127 9
5 187 14 187
88 164 88 171
70 183 72 185
57 187 60 189
54 37 57 39
10 95 10 104
31 25 40 25
152 173 152 180
25 162 36 162
138 72 141 74
168 15 171 17
3 175 14 175
166 11 166 20
104 122 107 124
139 77 147 77
16 99 16 108
121 120 128 120
123 130 131 130
171 175 171 185
40 45 50 45
115 31 115 41
67 2 70 4
169 70 172 72
135 192 146 192
126 24 126 35
8 83 8 93
56 83 58 85
143 147 146 149
78 90 78 101
125 93 136 93
197 105 197 113
123 129 130 129
2 42 2 52
182 109 193 109
20 46 23 48
126 193 135 193
199 102 199 112
145 199 147 201
0 44 0 55
161 39 161 48
93 103 93 111
161 176 164 178
95 77 103 77
169 155 172 157
129 139 129 148
181 181 181 190
118 115 118 122
112 77 114 79
73 2 76 4
61 123 61 130
96 91 99 93
144 10 155 10
8 163 19 163
105 131 108 133
181 26 190 26
66 122 75 122
128 4 137 4
44 105 51 105
126 16 134 16
121 187 132 187
180 43 180 51
27 10 37 10
157 84 160 86
187 57 190 59
167 34 167 44
141 165 141 174
87 100 87 108
119 58 119 67
149 145 159 145
169 4 172 6
185 195 195 195
197 159 197 168
41 3 41 13
119 120 119 128
120 161 128 161
129 54 136 54
5 193 5 203
131 183 134 185
105 88 105 97
61 198 61 208
88 143 90 145
54 30 57 32
88 194 88 205
103 136 103 144
82 42 82 51
133 9 136 11
57 200 57 208
174 183 177 185
175 15 178 17
30 5 40 5
157 157 159 159
62 171 73 171
148 66 159 66
106 80 114 80
143 27 143 35
62 78 73 78
144 128 144 138
37 59 39 61
141 56 144 58
145 174 145 183
9 20 9 31
58 56 58 63
59 75 67 75
120 182 129 182
33 125 44 125
0 160 11 160
175 40 175 49
168 84 168 93
125 23 125 34
64 146 64 154
138 187 147 187
72 35 75 37
152 87 162 87
175 158 178 160
130 76 130 84
91 1 91 9
85 190 88 192
125 134 125 144
12 38 21 38
12 128 21 128
82 158 92 158
32 120 34 122
140 196 147 196
163 89 163 100
13 199 13 207
73 22 73 29
169 8 180 8
5 126 14 126
12 178 12 186
186 81 196 81
154 123 165 123
71 59 74 61
78 63 89 63
25 130 27 132
82 21 82 30
158 163 160 165
31 1 34 3
144 113 154 113
36 176 38 178
97 69 106 69
122 102 122 113
58 155 58 163
163 144 170 144
117 162 117 173
45 143 47 145
140 24 149 24
127 170 130 172
17 8 17 19
27 182 30 184
172 15 172 23
19 178 19 187
101 120 110 120
160 131 169 131
97 118 105 118
124 195 133 195
143 4 152 4
82 95 82 104
37 107 46 107
41 79 41 89
173 73 175 75
122 74 131 74
102 158 112 158
86 122 89 124
151 75 160 75
30 52 30 62
9 106 9 115
53 99 53 108
38 156 38 166
19 149 28 149
80 138 88 138
74 198 74 206
191 196 191 204
178 63 188 63
178 27 178 36
130 45 133 47
158 135 158 144
86 137 97 137
7 85 7 93
137 5 137 16
170 25 181 25
161 71 163 73
120 28 120 37
0 150 10 150
116 85 116 96
92 107 92 115
113 135 121 135
101 105 112 105
45 62 55 62
35 127 35 136
46 162 53 162
154 30 156 32
63 34 66 36
128 49 128 58
8 156 11 158
130 146 141 146
104 112 115 112
35 63 44 63
11 145 20 145
52 43 60 43
32 138 32 147
181 65 181 72
82 116 82 126
51 64 54 66
80 15 83 17
113 7 113 14
79 146 89 146
126 198 128 200
40 134 40 141
164 33 164 44
58 73 67 73
72 191 83 191
3 46 11 46
71 31 71 38
100 104 107 104
13 89 13 98
75 156 86 156
132 124 135 126
159 200 159 210
4 91 4 100
188 116 191 118
152 39 152 50
60 83 71 83
169 147 176 147
18 4 18 14
38 128 38 139
127 117 137 117
11 68 11 78
97 60 99 62
40 159 51 159
87 77 90 79
94 200 94 209
186 177 197 177
18 109 20 111
84 105 86 107
113 62 116 64
142 97 153 97
60 29 70 29
39 71 48 71
65 197 65 205
56 89 56 97
197 133 197 143
23 84 33 84
192 88 194 90
7 155 15 155
126 106 128 108
153 156 161 156
198 103 198 113
25 28 25 39
181 14 190 14
179 171 179 179
121 148 123 150
84 136 94 136
116 138 119 140
51 199 51 209
146 96 155 96
172 63 175 65
157 112 168 112
133 182 143 182
129 189 140 189
97 111 99 113
93 23 93 34
7 39 16 39
87 26 89 28
91 196 91 203
176 110 186 110
197 39 197 48
156 109 158 111
94 126 97 128
19 66 21 68
69 139 71 141
150 92 161 92
127 28 127 37
162 58 172 58
15 119 25 119
183 157 190 157
114 92 114 100
104 116 114 116
77 111 86 111
25 154 32 154
47 168 58 168
74 86 84 86
106 139 106 150
196 150 196 161
59 195 68 195
1 96 1 105
49 106 52 108
161 15 161 24
42 138 42 148
37 38 37 45
13 17 13 25
2 118 12 118
52 194 52 204
42 24 42 33
21 137 31 137
199 48 199 59
104 36 104 47
121 191 130 191
164 165 167 167
187 77 197 77
16 43 26 43
67 188 70 190
131 19 131 27
72 149 74 151
107 32 107 41
175 192 175 200
30 194 41 194
150 53 161 53
179 80 179 88
45 168 45 177
35 69 46 69
165 108 173 108
117 80 126 80
184 76 194 76
138 59 148 59
169 159 172 161
181 120 183 122
78 40 78 51
164 195 164 206
83 84 91 84
151 189 158 189
185 78 185 85
96 28 96 38
151 124 151 134
62 154 62 165
59 63 62 65
88 74 98 74
66 92 69 94
57 180 68 180
195 128 198 130
45 193 45 200
1 181 10 181
166 6 168 8
175 7 183 7
142 131 142 140
30 171 41 171
134 118 141 118
83 3 86 5
54 200 56 202
50 117 50 126
186 32 196 32
128 100 135 100
162 18 162 27
105 24 105 34
1 125 11 125
14 121 17 123
103 165 106 167
19 196 28 196
137 48 139 50
97 115 105 115
172 91 181 91
24 197 33 197
66 57 66 68
60 157 60 167
195 0 195 10
173 155 176 157
150 77 150 88
182 4 190 4
29 19 37 19
196 66 199 68
100 199 111 199
171 34 171 43
9 194 9 204
0 126 0 134
191 48 194 50
114 25 116 27
94 182 94 191
188 97 191 99
79 182 79 189
166 150 176 150
143 65 146 67
157 173 166 173
67 161 74 161
127 153 137 153
158 79 160 81
101 192 104 194
127 102 129 104
154 65 165 65
0 170 10 170
171 87 171 98
58 90 61 92
32 43 34 45
29 68 31 70
24 49 35 49
83 150 94 150
24 101 34 101
60 120 68 120
169 36 169 46
150 172 150 181
23 66 26 68
2 167 11 167
154 161 156 163
73 125 73 136
120 89 129 89
120 66 120 74
45 124 48 126
188 112 195 112
50 169 50 178
15 124 18 126
158 12 158 23
54 70 56 72
11 134 13 136
0 196 0 207
77 174 80 176
187 96 195 96
51 91 51 102
67 197 70 199
99 133 99 141
77 149 84 149
99 164 102 166
21 139 31 139
185 12 196 12
189 64 189 74
75 135 75 143
123 166 123 174
96 56 96 67
192 171 199 171
49 133 57 133
30 103 30 113
122 62 122 72
1 22 1 29
139 81 139 89
125 63 128 65
1 62 4 64
149 166 149 176
81 98 81 107
44 47 54 47
45 113 53 113
171 79 174 81
174 3 184 3
133 29 142 29
30 22 39 22
108 160 119 160
143 169 146 171
151 165 151 176
199 12 199 22
175 166 175 175
30 126 32 128
136 70 136 80
194 58 194 69
133 181 142 181
117 97 119 99
105 46 112 46
10 29 19 29
186 65 186 73
79 9 79 20
93 46 101 46
1 139 1 146
103 82 113 82
188 146 188 156
27 14 29 16
0 74 0 85
63 159 71 159
162 74 162 83
41 128 44 130
47 128 56 128
17 77 26 77
176 83 176 90
71 6 79 6
168 135 170 137
89 163 89 172
22 8 22 17
127 86 129 88
166 63 169 65
178 168 189 168
36 190 38 192
76 125 76 136
100 49 109 49
100 191 107 191
119 163 119 171
68 5 77 5
41 182 41 191
13 108 13 118
25 63 28 65
86 18 96 18
49 138 57 138
156 124 156 135
66 129 66 140
48 79 57 79
5 174 16 174
35 138 35 148
108 135 111 137
41 90 41 99
62 136 62 143
54 141 54 149
42 49 42 59
174 151 183 151
0 191 7 191
68 50 68 58
153 49 164 49
173 117 173 126
90 5 90 14
3 92 3 102
26 28 26 37
108 143 118 143
25 89 33 89
173 187 173 198
87 32 87 42
129 48 136 48
95 200 97 202
125 151 134 151
141 5 141 16
43 27 46 29
31 134 34 136
137 128 137 139
123 199 123 208
163 77 166 79
44 59 55 59
10 177 20 177
57 45 57 56
124 116 135 116
53 171 61 171
41 43 51 43
177 28 177 38
17 54 27 54
35 30 37 32
35 65 44 65
143 5 143 16
72 31 81 31
185 106 192 106
72 9 72 20
118 161 118 168
87 81 90 83
169 1 178 1
131 78 131 87
140 127 150 127
24 183 24 191
44 120 46 122
171 26 173 28
120 127 129 127
138 119 138 127
186 33 189 35
17 78 17 85
170 101 179 101
182 175 182 186
158 128 166 128
62 70 71 70
31 143 31 153
135 2 146 2
79 88 88 88
21 4 28 4
162 5 165 7
67 146 67 156
58 38 60 40
149 25 152 27
15 25 23 25
121 55 121 65
72 170 82 170
63 178 70 178
177 114 186 114
136 198 136 209
64 117 73 117
180 33 180 41
103 128 111 128
191 149 199 149
64 163 72 163
180 56 189 56
165 20 165 29
7 47 7 55
14 150 23 150
190 144 198 144
62 198 64 200
130 0 139 0
84 94 95 94
64 132 64 139
115 92 115 102
148 165 148 176
18 169 18 176
157 198 157 208
150 100 153 102
42 61 53 61
26 11 34 11
47 35 54 35
116 128 118 130
46 42 55 42
86 21 95 21
160 141 163 143
27 157 29 159
167 138 169 140
103 50 114 50
47 1 47 8
121 169 121 180
146 81 146 92
144 158 144 168
129 136 132 138
103 18 103 25
185 192 188 194
184 188 194 188
148 49 151 51
86 71 94 71
95 105 95 114
71 158 81 158
50 131 57 131
118 25 118 36
154 94 162 94
10 6 10 14
147 19 156 19
43 72 51 72
193 178 193 187
121 3 131 3
199 136 199 147
132 188 142 188
96 177 99 179
126 46 126 55
107 145 110 147
138 158 140 160
114 121 114 130
112 167 114 169
128 60 136 60
20 170 23 172
110 94 113 96
127 122 130 124
30 20 38 20
2 197 2 208
127 45 127 54
178 147 186 147
117 11 117 22
184 101 192 101
197 114 197 125
163 21 163 29
188 129 188 140
98 67 105 67
186 7 194 7
11 188 21 188
117 109 120 111
107 98 110 100
133 57 136 59
188 38 188 46
150 193 160 193
182 17 193 17
143 150 143 158
117 183 127 183
107 23 109 25
81 59 84 61
130 199 132 201
172 165 181 165
138 190 149 190
29 38 29 48
130 27 130 36
57 102 57 112
65 41 65 52
169 179 169 190
184 173 187 175
22 114 25 116
193 113 193 124
98 8 98 18
58 144 58 153
12 69 23 69
140 103 140 113
36 13 39 15
192 61 192 71
129 178 132 180
62 41 64 43
189 148 199 148
167 113 167 123
173 61 182 61
95 102 104 102
119 86 119 95
154 166 157 168
54 174 57 176
38 181 48 181
59 48 59 56
44 164 54 164
74 162 85 162
151 39 151 47
189 95 198 95
135 17 135 26
173 172 173 179
9 75 9 83
153 128 153 139
26 9 36 9
85 52 85 62
166 102 177 102
91 75 93 77
134 106 134 115
17 48 19 50
167 109 170 111
18 79 21 81
16 87 16 95
26 23 37 23
115 81 118 83
17 100 17 108
155 172 166 172
176 67 176 76
163 35 163 44
81 56 84 58
51 27 53 29
80 127 83 129
194 37 196 39
22 85 31 85
91 195 100 195
120 156 122 158
166 89 166 99
29 98 40 98
44 58 54 58
159 23 159 33
130 147 141 147
96 182 107 182
14 53 23 53
169 162 169 172
105 63 108 65
26 177 35 177
106 26 106 33
28 200 31 202
178 102 181 104
144 22 153 22
25 120 28 122
140 161 140 172
83 96 85 98
93 6 102 6
123 45 123 55
129 17 129 27
21 5 21 15
136 159 136 169
148 184 157 184
172 106 183 106
71 17 71 28
140 194 151 194
117 77 128 77
155 43 157 45
107 4 107 15
100 135 100 146
166 62 177 62
154 183 164 183
1 200 1 210
68 8 75 8
124 165 133 165
19 142 29 142
98 27 98 38
119 0 127 0
8 195 8 202
93 159 103 159
90 181 100 181
14 41 22 41
24 102 35 102
3 117 12 117
38 32 40 34
27 6 34 6
135 65 135 76
36 126 36 135
22 78 30 78
73 173 80 173
150 90 160 90
17 131 17 139
78 135 88 135
74 55 83 55
64 80 74 80
28 103 28 110
112 71 115 73
123 6 133 6
152 68 160 68
171 163 182 163
13 194 23 194
74 184 76 186
32 12 40 12
138 163 138 173
78 35 85 35
114 51 114 60
63 145 70 145
199 161 199 169
174 92 174 100
0 59 11 59
0 154 9 154
157 1 167 1
153 67 160 67
4 18 4 27
4 122 6 124
76 151 78 153
64 17 64 26
98 108 105 108
141 104 144 106
24 40 27 42
104 25 104 34
143 111 152 111
111 14 111 24
31 57 31 65
77 57 77 67
119 44 122 46
102 86 102 96
58 95 60 97
40 68 51 68
48 41 57 41
95 191 98 193
104 136 107 138
73 157 81 157
7 99 7 106
48 200 48 208
161 95 161 104
198 29 198 40
199 118 199 129
138 200 138 209
125 168 134 168
61 40 70 40
141 0 152 0
199 88 199 98
175 19 177 21
39 168 42 170
171 135 171 143
104 48 112 48
88 98 88 108
29 71 31 73
61 95 64 97
46 193 56 193
85 175 85 182
143 3 150 3
90 198 90 208
175 121 177 123
107 117 110 119
84 119 92 119
144 119 155 119
112 164 115 166
131 90 141 90
10 199 10 206
40 46 43 48
40 81 40 90
91 90 93 92
34 64 41 64
198 153 198 162
13 159 16 161
32 159 34 161
62 30 71 30
129 197 129 204
195 159 195 170
47 197 47 207
157 54 166 54
191 193 199 193
171 128 173 130
187 146 187 155
197 8 197 19
152 79 154 81
103 83 106 85
146 58 157 58
116 181 127 181
16 151 25 151
110 42 113 44
17 88 17 99
95 42 98 44
125 62 135 62
198 172 198 180
148 147 151 149
112 198 123 198
122 90 122 100
149 7 152 9
28 34 30 36
64 177 75 177
46 22 57 22
98 120 100 122
62 82 73 82
42 160 52 160
136 129 136 140
54 135 61 135
62 121 73 121
102 38 102 48
78 114 86 114
119 25 119 35
44 73 44 80
123 175 133 175
182 189 182 199
70 147 70 157
54 88 54 96
78 65 81 67
179 26 179 34
20 143 30 143
80 186 90 186
160 21 160 31
62 51 62 60
182 36 182 47
146 152 146 162
5 71 5 82
49 137 59 137
26 96 37 96
13 2 23 2
110 196 120 196
168 160 168 170
165 200 165 207
20 101 23 103
117 2 128 2
78 136 78 147
145 151 153 151
195 200 198 202
163 47 172 47
20 197 22 199
142 85 144 87
31 103 39 103
63 48 63 56
161 159 161 168
176 124 176 133
3 172 13 172
91 151 99 151
96 76 107 76
114 147 123 147
63 113 71 113
155 188 166 188
60 15 60 26
118 200 118 211
47 74 58 74
142 46 144 48
72 137 72 146
94 174 96 176
7 122 10 124
89 33 91 35
71 103 71 110
26 92 35 92
61 41 61 51
165 11 165 18
87 87 94 87
85 129 92 129
14 169 17 171
185 129 185 139
15 102 15 110
26 105 26 115
137 60 145 60
67 99 67 108
42 185 42 195
163 13 163 20
14 108 14 119
140 68 143 70
90 134 98 134
183 190 194 190
146 132 146 142
50 183 53 185
168 187 168 198
192 199 192 209
27 174 30 176
48 50 56 50
3 164 14 164
4 36 4 45
133 37 143 37
5 57 15 57
134 44 137 46
180 159 188 159
185 120 185 128
121 143 123 145
55 173 64 173
92 0 92 10
104 181 115 181
23 21 34 21
107 153 118 153
189 41 189 49
175 77 178 79
148 150 158 150
7 2 7 12
77 88 77 99
88 20 97 20
71 188 73 190
127 10 129 12
23 117 33 117
72 196 72 206
70 52 70 62
15 12 15 19
174 24 185 24
2 53 5 55
45 161 55 161
143 129 143 139
108 142 118 142
71 194 71 201
141 198 141 206
90 169 93 171
53 2 56 4
166 103 175 103
109 27 109 38
23 155 23 162
159 55 170 55
196 63 199 65
35 2 46 2
59 143 59 152
5 152 14 152
99 198 99 206
144 174 144 184
164 84 164 95
54 192 63 192
80 11 82 13
180 30 190 30
152 16 154 18
63 8 66 10
96 104 96 115
108 106 111 108
188 160 190 162
121 16 121 26
142 74 144 76
64 164 75 164
113 20 113 29
158 57 165 57
123 160 132 160
169 76 169 87
122 10 122 18
96 196 105 196
17 51 26 51
1 133 11 133
24 97 34 97
139 121 149 121
5 166 13 166
80 69 80 76
2 88 5 90
20 192 28 192
93 120 93 130
1 184 9 184
108 11 110 13
79 108 82 110
73 198 73 207
23 28 23 37
157 95 159 97
152 117 161 117
49 134 52 136
124 200 124 207
83 69 83 76
39 156 39 166
184 94 191 94
74 102 74 110
176 142 183 142
101 185 111 185
36 110 36 121
22 76 30 76
5 104 5 115
185 161 187 163
39 18 41 20
33 54 33 64
45 182 45 190
48 1 58 1
24 93 33 93
140 42 148 42
56 103 56 113
87 70 97 70
161 137 163 139
91 58 91 66
29 100 38 100
78 123 78 133
154 151 162 151
96 188 99 190
86 197 86 207
184 164 193 164
105 2 105 11
11 80 11 91
32 57 32 65
148 2 159 2
89 39 89 46
88 49 91 51
128 137 128 144
87 173 87 183
96 88 99 90
54 195 56 197
133 70 133 79
136 144 147 144
132 170 134 172
21 74 30 74
194 150 194 160
19 200 26 200
37 137 37 148
124 66 134 66
181 31 191 31
169 54 179 54
72 112 83 112
116 187 119 189
153 9 162 9
129 105 129 114
160 95 160 105
189 174 192 176
196 58 198 60
6 34 6 41
1 112 4 114
133 132 133 141
156 181 164 181
66 25 68 27
6 84 6 93
148 152 151 154
80 93 80 103
99 2 102 4
130 96 140 96
128 24 128 31
1 74 1 84
61 102 61 113
52 169 63 169
103 57 103 65
139 194 139 205
115 49 122 49
147 98 147 108
154 147 157 149
1 178 4 180
143 94 152 94
151 200 151 211
6 141 9 143
159 69 169 69
8 35 10 37
15 44 25 44
73 34 83 34
138 75 138 84
111 114 122 114
11 190 11 200
184 133 184 142
1 153 10 153
17 31 20 33
44 21 52 21
154 172 154 180
195 151 195 158
61 11 64 13
123 91 133 91
59 69 61 71
171 188 171 198
123 59 132 59
102 79 105 81
175 80 177 82
61 5 63 7
74 163 85 163
75 85 85 85
181 73 181 80
115 197 124 197
11 63 19 63
72 64 75 66
108 70 108 78
1 6 1 15
195 90 198 92
192 121 192 132
165 157 168 159
45 48 56 48
174 189 174 200
168 10 178 10
98 20 100 22
47 152 50 154
12 91 12 101
181 145 191 145
103 41 103 48
101 200 101 211
2 56 11 56
67 200 67 208
64 51 64 59
68 149 68 158
84 42 84 49
144 188 153 188
156 191 165 191
60 196 69 196
29 198 38 198
136 186 146 186
100 23 102 25
31 172 34 174
125 155 128 157
44 3 44 14
76 14 76 23
117 191 120 193
124 10 124 20
132 155 140 155
124 97 132 97
11 92 11 102
153 163 153 173
5 168 14 168
77 160 87 160
4 65 13 65
120 116 120 125
174 135 183 135
163 199 163 210
19 121 21 123
192 178 192 186
2 109 4 111
31 33 31 44
54 120 56 122
44 23 46 25
171 164 180 164
68 73 71 75
46 54 56 54
86 132 96 132
140 199 140 207
75 168 85 168
182 77 182 86
179 105 187 105
142 168 142 176
164 127 172 127
146 54 149 56
118 78 126 78
19 118 29 118
185 197 185 205
165 52 176 52
105 86 115 86
69 44 69 54
193 197 193 208
70 84 80 84
39 45 39 54
116 11 116 22
149 28 156 28
175 107 185 107
62 174 69 174
48 171 48 180
74 24 77 26
93 153 95 155
3 132 11 132
179 11 179 22
130 92 138 92
113 119 113 130
187 25 198 25
87 55 90 57
157 4 167 4
195 29 197 31
0 2 0 13
67 13 67 21
76 60 76 68
147 89 158 89
127 101 136 101
61 53 61 60
36 101 44 101
87 109 87 117
153 64 160 64
34 184 34 192
156 10 166 10
3 156 5 158
5 25 5 34
82 154 92 154
3 147 5 149
119 200 122 202
102 151 111 151
169 59 177 59
140 7 140 17
137 41 147 41
109 5 111 7
37 119 47 119
147 112 155 112
55 33 65 33
138 15 138 26
190 167 193 169
70 200 70 210
65 131 65 139
144 27 147 29
79 159 89 159
72 178 81 178
43 198 43 207
184 182 187 184
125 13 136 13
123 124 125 126
14 179 17 181
40 156 49 156
90 189 90 196
39 78 39 86
156 185 165 185
85 93 92 93
51 170 61 170
49 69 52 71
50 76 52 78
12 12 12 21
167 168 167 178
100 101 107 101
91 192 93 194
199 69 199 80
6 62 16 62
16 116 18 118
178 148 181 150
129 176 138 176
72 22 72 29
178 95 181 97
74 116 77 118
0 140 0 148
0 106 0 116
177 58 185 58
38 29 41 31
56 182 56 191
168 37 168 44
47 36 56 36
112 19 112 30
48 4 50 6
138 129 141 131
99 50 102 52
0 33 0 43
3 17 3 27
6 173 13 173
12 154 23 154
88 95 97 95
135 104 135 112
48 73 56 73
94 100 94 108
59 114 66 114
166 9 177 9
51 146 51 155
198 6 198 17
184 8 191 8
124 100 124 109
162 197 162 206
65 71 76 71
42 72 42 80
48 93 48 100
199 26 199 36
123 93 123 103
98 170 100 172
10 80 10 87
78 1 81 3
184 46 187 48
137 197 137 208
180 172 180 183
31 86 33 88
3 78 3 87
157 175 166 175
31 130 34 132
20 168 31 168
7 135 9 137
194 126 194 134
134 64 145 64
62 103 62 113
195 113 195 121
148 69 150 71
186 78 189 80
158 100 158 107
186 83 189 85
165 152 168 154
72 86 72 94
142 13 142 23
164 104 173 104
163 2 173 2
24 7 35 7
185 19 187 21
197 179 197 189
120 188 130 188
56 58 56 67
149 99 149 109
34 67 45 67
9 48 11 50
44 198 44 205
11 0 20 0
172 34 175 36
115 52 115 61
2 183 9 183
65 53 65 64
97 28 97 37
149 14 151 16
153 103 153 110
5 13 7 15
61 17 63 19
177 118 187 118
171 60 182 60
161 145 170 145
34 197 41 197
163 61 165 63
2 171 13 171
45 97 45 104
12 70 21 70
143 108 145 110
186 16 195 16
126 14 133 14
16 166 24 166
108 164 108 172
2 139 2 148
81 18 81 28
152 196 152 207
53 89 53 97
145 124 148 126
121 85 130 85
192 138 195 140
190 44 190 51
146 11 154 11
116 155 124 155
95 23 95 31
100 27 103 29
137 82 137 89
189 138 191 140
25 176 25 187
64 39 72 39
120 169 120 177
151 181 153 183
45 46 54 46
4 193 4 203
118 11 118 20
92 32 92 41
175 92 175 100
195 61 195 71
89 192 89 203
48 109 51 111
17 112 20 114
10 2 12 4
12 141 15 143
184 13 192 13
91 165 94 167
81 73 81 84
86 67 89 69
12 158 20 158
170 180 170 190
7 66 7 77
69 7 79 7
31 187 33 189
14 200 14 211
122 20 122 28
52 154 55 156
86 125 89 127
123 25 123 35
163 147 163 158
71 172 81 172
163 113 163 121
147 12 157 12
179 35 179 46
133 33 136 35
12 200 12 210
155 50 166 50
51 86 62 86
7 34 15 34
62 92 65 94
147 169 147 180
55 6 55 13
160 197 160 205
127 133 127 144
73 138 73 147
6 73 6 82
11 18 11 25
104 91 104 98
123 192 134 192
30 24 41 24
155 198 155 206
90 152 100 152
81 199 81 209
116 132 125 132
48 167 58 167
79 147 87 147
9 41 11 43
76 137 76 148
97 100 106 100
75 199 75 207
123 119 134 119
190 178 190 185
115 116 115 124
184 193 184 204
1 159 11 159
114 76 123 76
176 199 176 209
131 49 133 51
9 85 9 94
44 85 47 87
157 133 157 141
71 148 71 155
18 141 25 141
0 190 10 190
101 8 101 17
164 56 173 56
42 7 42 17
102 103 110 103
2 151 12 151
58 101 58 112
73 180 76 182
55 143 55 153
32 106 32 116
88 86 96 86
60 145 62 147
63 147 63 158
96 48 98 50
176 12 178 14
186 197 189 199
136 99 146 99
19 93 19 100
22 99 33 99
43 74 43 83
87 52 96 52
188 124 190 126
159 132 167 132
63 127 65 129
45 128 45 138
126 133 126 142
166 190 166 201
184 23 191 23
152 164 152 171
180 111 190 111
86 118 93 118
149 200 149 208
34 137 34 146
32 155 42 155
101 171 101 178
0 177 7 177
130 103 130 110
158 40 158 48
167 11 176 11
51 13 54 15
157 17 157 24
27 26 35 26
44 183 44 193
10 30 21 30
161 107 168 107
102 0 112 0
35 71 37 73
122 166 122 175
191 3 194 5
190 200 190 207
77 198 84 198
25 70 28 72
146 95 155 95
73 85 73 94
159 76 161 78
81 116 81 125
145 1 152 1
109 57 111 59
147 46 149 48
132 127 135 129
145 31 147 33
175 125 175 134
92 84 99 84
113 133 124 133
126 17 128 19
35 52 35 62
192 26 194 28
43 168 43 179
130 9 132 11
83 164 86 166
100 36 100 45
7 108 7 116
10 27 18 27
89 106 89 114
102 169 102 177
51 9 53 11
18 75 28 75
148 160 151 162
121 185 130 185
120 139 123 141
55 91 55 99
156 119 158 121
29 54 29 64
27 0 35 0
45 140 47 142
68 14 68 24
176 171 176 180
20 88 30 88
179 5 189 5
176 189 176 197
37 109 37 117
112 136 120 136
135 114 144 114
148 32 151 34
43 140 43 151
23 104 23 113
26 170 34 170
121 118 130 118
148 75 148 85
110 53 112 55
189 146 196 146
116 32 116 41
14 7 14 17
157 129 165 129
90 54 100 54
52 143 52 153
4 72 4 81
171 166 174 168
56 139 59 141
124 69 133 69
104 127 111 127
164 18 164 29
161 130 170 130
193 78 196 80
50 82 50 91
179 184 179 194
0 62 0 70
56 145 56 156
80 142 91 142
0 189 11 189
133 30 136 32
6 32 14 32
161 26 161 37
6 21 6 31
27 144 29 146
18 90 18 98
192 82 199 82
126 131 135 131
12 140 21 140
22 177 22 185
74 33 85 33
91 22 91 31
88 149 97 149
44 163 53 163
149 196 151 198
38 112 47 112
49 171 49 178
107 47 115 47
74 87 74 97
93 64 95 66
108 89 115 89
71 192 82 192
176 154 183 154
97 39 99 41
38 71 38 80
168 171 168 179
50 198 50 207
44 16 53 16
155 130 155 140
186 179 189 181
2 26 2 36
0 192 10 192
30 196 40 196
104 139 104 146
177 42 177 50
10 26 21 26
13 99 13 106
184 149 186 151
17 160 19 162
41 108 48 108
152 152 161 152
49 117 49 126
31 164 34 166
78 200 78 210
129 196 138 196
195 196 197 198
113 154 122 154
118 59 118 68
51 130 60 130
155 169 158 171
146 174 146 183
92 56 95 58
46 195 46 205
49 141 51 143
126 173 137 173
145 120 155 120
90 53 100 53
110 37 113 39
43 55 53 55
118 131 125 131
99 28 99 38
94 29 94 39
105 42 108 44
106 15 106 24
93 144 96 146
34 109 34 118
150 115 159 115
136 51 138 53
114 151 122 151
49 166 57 166
38 123 47 123
192 45 194 47
28 151 30 153
147 60 147 69
137 56 140 58
153 93 161 93
102 200 102 210
122 86 125 88
183 32 185 34
44 143 44 153
85 130 92 130
61 31 68 31
69 167 72 169
44 49 47 51
105 177 114 177
50 92 50 103
142 200 142 211
68 89 71 91
144 11 144 20
84 69 84 77
199 172 199 180
32 179 34 181
23 13 31 13
36 138 36 147
87 3 87 14
22 135 29 135
188 65 188 74
83 37 83 46
107 85 115 85
0 172 2 174
38 185 40 187
156 11 164 11
84 174 84 183
14 43 14 50
28 38 28 48
59 175 66 175
30 186 30 193
6 196 6 206
154 124 154 134
57 185 64 185
19 83 29 83
168 148 177 148
78 182 78 190
178 89 188 89
170 76 170 86
35 164 37 166
80 141 90 141
164 162 167 164
114 31 114 42
174 53 184 53
184 97 187 99
80 187 82 189
4 129 7 131
124 167 131 167
143 146 154 146
38 88 38 95
72 54 81 54
177 92 187 92
27 106 27 116
28 91 35 91
103 31 103 40
119 11 119 22
62 1 65 3
38 106 48 106
117 39 119 41
99 167 101 169
173 37 173 47
17 52 27 52
36 104 44 104
178 40 178 49
149 76 149 86
24 153 24 162
121 102 121 112
103 129 111 129
185 142 194 142
46 93 46 103
123 186 132 186
150 107 152 109
152 153 161 153
150 91 158 91
103 2 103 11
8 106 8 116
167 194 167 204
196 99 199 101
92 200 92 211
106 179 116 179
156 195 156 205
43 52 53 52
88 177 90 179
107 141 115 141
61 85 71 85
186 125 186 135
13 193 24 193
32 15 35 17
77 199 77 208
102 7 102 17
165 33 165 41
191 62 191 73
60 181 71 181
177 166 177 176
9 5 9 15
132 104 132 111
69 0 80 0
19 21 22 23
186 9 189 11
53 83 55 85
90 157 99 157
75 127 75 134
72 128 72 136
77 121 77 129
55 103 55 112
57 72 64 72
123 56 126 58
116 51 116 61
68 119 79 119
167 88 167 99
159 98 159 109
39 87 39 97
163 126 171 126
100 109 110 109
0 185 9 185
79 133 88 133
47 171 47 179
45 13 47 15
100 200 100 211
68 69 76 69
12 73 14 75
3 169 13 169
164 81 166 83
8 94 8 103
173 12 173 23
109 71 109 79
13 178 13 186
58 45 58 54
50 19 57 19
90 180 99 180
187 6 194 6
79 64 90 64
77 133 77 142
25 163 36 163
61 99 63 101
147 43 149 45
186 93 193 93
23 80 34 80
145 114 154 114
187 52 190 54
95 164 95 173
0 86 0 96
139 4 139 15
167 0 174 0
148 57 156 57
81 139 92 139
8 149 17 149
142 185 151 185
175 2 183 2
88 0 88 9
39 177 42 179
19 73 28 73
94 123 103 123
178 64 186 64
62 186 64 188
49 93 49 102
103 200 103 208
31 193 40 193
196 84 199 86
91 82 99 82
75 107 77 109
106 161 117 161
132 149 142 149
131 148 140 148
54 117 63 117
66 200 66 211
66 11 66 20
131 98 139 98
16 165 27 165
192 33 195 35
138 138 141 140
20 62 28 62
189 147 198 147
138 135 140 137
65 146 65 155
154 38 154 48
83 118 83 126
124 67 132 67
178 132 181 134
3 120 10 120
164 118 166 120
57 123 60 125
90 15 93 17
48 0 58 0
58 37 68 37
59 77 61 79
145 130 145 140
138 193 149 193
180 0 190 0
9 146 19 146
18 138 28 138
3 139 5 141
35 1 42 1
16 9 16 18
72 40 72 50
46 75 54 75
67 9 69 11
3 134 10 134
35 34 37 36
46 18 57 18
69 12 69 23
97 183 100 185
129 157 131 159
104 87 115 87
95 1 98 3
156 122 166 122
196 179 196 188
162 109 165 111
79 90 86 90
108 138 110 140
31 105 31 116
137 162 137 172
19 4 19 14
181 15 181 22
106 156 117 156
154 199 154 210
37 66 48 66
84 0 86 2
94 139 96 141
147 129 147 138
105 12 105 23
26 119 34 119
188 103 191 105
76 161 86 161
101 126 111 126
176 37 176 45
156 35 156 42
6 33 16 33
19 87 27 87
126 177 136 177
185 189 196 189
35 172 38 174
187 170 190 172
154 101 154 109
3 7 3 15
174 171 174 180
198 181 198 191
91 121 91 128
193 103 195 105
107 165 107 176
159 37 159 44
128 32 128 39
79 96 79 104
83 20 83 29
41 52 41 61
11 64 20 64
186 107 196 107
1 60 9 60
113 1 115 3
176 146 184 146
159 119 161 121
139 123 141 125
107 178 118 178
181 169 181 179
14 184 17 186
58 132 61 134
160 33 160 44
51 173 53 175
17 55 20 57
174 39 174 48
184 165 192 165
148 116 156 116
65 79 75 79
25 188 27 190
142 43 144 45
58 200 58 210
15 190 18 192
22 120 22 130
21 63 23 65
171 169 173 171
180 189 180 199
49 51 56 51
40 109 47 109
43 39 45 41
109 190 109 198
78 164 81 166
140 43 140 54
187 120 190 122
67 187 77 187
176 113 187 113
159 14 159 22
174 137 174 146
120 10 120 20
53 199 53 209
67 114 76 114
152 59 162 59
30 18 38 18
172 117 172 126
65 72 73 72
12 189 22 189
132 38 140 38
152 190 163 190
192 51 192 58
60 197 60 207
118 6 121 8
3 65 3 75
49 23 52 25
58 66 65 66
177 156 187 156
57 182 66 182
33 140 33 150
7 20 7 30
137 66 137 77
65 184 65 192
155 174 155 182
154 142 156 144
52 87 61 87
173 67 175 69
175 138 175 146
66 149 66 157
194 73 197 75
55 163 57 165
145 6 154 6
112 10 112 18
87 73 97 73
195 42 195 50
47 93 47 101
194 114 194 125
64 124 73 124
134 197 134 208
20 6 20 16
129 32 129 41
140 26 148 26
119 100 119 108
47 34 57 34
150 52 158 52
113 137 115 139
135 160 135 171
149 13 157 13
193 174 195 176
79 200 79 211
68 102 68 110
112 170 114 172
159 147 161 149
68 33 70 35
14 3 16 5
133 87 136 89
137 17 137 25
46 166 46 176
179 116 186 116
37 84 37 93
92 98 101 98
119 50 122 52
123 162 130 162
16 76 16 86
64 76 74 76
0 161 3 163
14 36 22 36
72 194 82 194
80 140 90 140
150 40 150 47
27 198 27 209
24 28 24 39
122 30 122 39
181 28 190 28
14 96 16 98
12 78 12 89
110 31 113 33
107 94 109 96
178 144 187 144
0 21 0 31
144 100 146 102
6 108 6 116
84 22 84 32
101 56 101 63
15 65 18 67
88 58 90 60
78 70 78 80
162 60 169 60
72 195 81 195
172 88 175 90
165 149 176 149
78 179 81 181
160 106 171 106
184 36 187 38
71 127 71 137
120 53 120 63
152 54 154 56
101 121 112 121
125 15 136 15
94 8 94 16
42 64 50 64
26 185 28 187
119 81 128 81
179 119 179 130
193 126 193 133
89 1 89 10
84 155 92 155
132 20 134 22
177 66 177 74
129 95 137 95
64 141 67 143
148 29 151 31
66 99 66 109
51 178 54 180
10 28 21 28
64 160 72 160
86 72 86 82
42 131 44 133
117 194 124 194
92 83 99 83
0 119 10 119
183 49 186 51
63 104 63 111
136 105 138 107
69 120 78 120
75 44 77 46
157 182 164 182
110 163 110 172
196 0 199 2
81 43 81 53
57 148 57 155
139 33 141 35
151 84 154 86
169 18 171 20
11 5 11 12
185 102 187 104
97 129 100 131
199 200 199 209
192 85 194 87
181 123 183 125
47 76 47 84
73 169 82 169
43 30 45 32
99 78 101 80
188 200 188 210
182 18 190 18
114 184 125 184
46 182 48 184
132 3 140 3
32 68 32 78
133 180 140 180
73 45 73 52
19 3 26 3
195 26 197 28
25 58 27 60
162 53 172 53
76 198 76 207
39 111 47 111
141 82 144 84
38 120 41 122
48 38 51 40
84 120 84 129
195 21 198 23
181 9 184 11
15 152 23 152
181 33 181 41
148 156 151 158
89 97 98 97
43 182 43 193
80 18 80 26
129 133 131 135
163 31 172 31
74 171 82 171
39 173 41 175
53 142 53 153
65 22 67 24
182 27 190 27
181 129 183 131
83 99 83 110
121 79 129 79
0 186 11 186
134 27 141 27
56 179 66 179
95 8 95 16
174 4 181 4
59 153 59 164
189 200 189 209
45 63 54 63
12 45 12 55
3 136 6 138
117 200 117 211
64 123 74 123
151 118 159 118
181 87 189 87
153 82 161 82
70 20 70 28
153 63 162 63
115 42 123 42
152 127 152 136
123 64 123 71
60 149 60 156
98 72 107 72
46 76 46 84
25 127 27 129
168 199 168 209
1 128 11 128
100 7 100 17
33 31 33 42
73 16 75 18
18 135 20 137
86 22 89 24
143 159 143 168
45 4 45 12
126 147 128 149
87 194 87 204
65 95 68 97
28 164 30 166
19 20 29 20
116 164 116 173
6 176 13 176
141 154 141 163
15 45 18 47
101 189 110 189
171 84 174 86
167 77 167 85
18 200 18 209
52 93 52 104
31 27 41 27
56 8 58 10
37 126 37 136
8 47 8 55
170 200 170 210
56 11 58 13
113 65 116 67
54 136 61 136
103 111 112 111
177 199 177 207
133 61 141 61
167 48 170 50
109 14 109 21
5 44 13 44
1 58 11 58
68 200 68 208
60 99 60 110
166 29 174 29
102 130 111 130
54 182 54 191
125 110 128 112
148 35 150 37
66 1 73 1
166 141 168 143
191 0 194 2
196 43 196 52
155 33 155 41
180 167 189 167
82 65 85 67
19 19 28 19
69 200 69 209
28 29 31 31
151 88 160 88
183 97 183 104
20 173 22 175
77 193 84 193
35 187 37 189
106 162 114 162
125 199 125 208
58 23 58 32
187 200 187 208
104 53 107 55
118 50 118 58
34 149 37 151
36 102 44 102
10 69 10 77
161 66 164 68
89 156 99 156
125 100 125 107
27 29 27 39
167 12 167 21
136 62 146 62
104 154 112 154
21 107 21 116
34 71 34 79
86 172 86 183
126 174 136 174
186 185 189 187
69 131 69 138
1 2 4 4
14 134 16 136
37 46 37 53
172 190 172 197
121 1 130 1
134 179 143 179
13 3 13 13
95 32 95 41
130 55 132 57
29 120 31 122
98 107 106 107
115 104 115 111
105 60 108 62
163 192 165 194
8 21 8 31
87 43 87 51
135 183 142 183
1 30 1 37
91 78 93 80
77 36 85 36
16 155 19 157
19 61 27 61
157 98 157 105
69 99 69 110
178 187 178 198
159 134 159 144
142 52 144 54
98 126 100 128
136 141 145 141
11 137 14 139
120 189 128 189
93 199 93 208
19 169 19 176
119 83 129 83
153 0 163 0
158 124 165 124
184 169 186 171
105 57 107 59
12 72 23 72
16 197 19 199
29 8 40 8
170 131 173 133
7 195 7 205
91 177 94 179
147 21 156 21
118 100 118 108
26 156 37 156
24 103 24 112
84 102 86 104
83 188 93 188
30 46 33 48
124 24 124 34
165 71 168 73
183 181 183 189
74 28 77 30
68 60 68 68
195 178 195 185
131 105 131 115
179 57 186 57
34 29 34 36
79 151 82 153
58 126 60 128
64 162 73 162
97 57 100 59
171 55 178 55
198 70 198 79
76 37 78 39
159 189 166 189
84 187 93 187
111 69 111 79
41 21 43 23
21 179 21 187
35 168 37 170
133 41 136 43
46 67 54 67
40 142 40 150
164 138 166 140
60 74 67 74
88 115 90 117
92 49 95 51
36 180 47 180
18 131 21 133
90 121 90 128
73 9 76 11
114 6 117 8
126 41 128 43
85 39 85 50
155 56 163 56
71 93 71 101
176 26 176 33
159 169 162 171
94 124 102 124
178 62 187 62
193 13 195 15
39 140 39 151
20 178 20 187
6 17 8 19
25 123 27 125
199 38 199 46
90 23 90 32
168 75 168 83
23 9 25 11
145 115 147 117
82 143 85 145
160 134 162 136
72 174 74 176
95 119 104 119
11 37 22 37
126 71 129 73
72 56 75 58
108 122 111 124
117 100 117 108
91 189 93 191
121 121 123 123
148 20 156 20
192 153 192 161
169 151 171 153
48 13 50 15
12 66 14 68
57 196 59 198
140 65 142 67
16 200 16 208
64 101 64 112
113 195 123 195
154 8 163 8
161 84 163 86
102 134 110 134
72 152 75 154
40 162 43 164
78 148 89 148
129 7 136 7
159 60 161 62
143 39 150 39
189 132 191 134
80 41 80 52
74 188 77 190
60 32 69 32
125 20 128 22
89 135 98 135
139 78 142 80
111 163 111 173
172 109 174 111
183 91 190 91
80 199 80 209
1 122 3 124
144 198 144 208
154 71 157 73
68 41 68 48
54 100 56 102
116 137 124 137
78 89 85 89
0 188 9 188
131 143 134 145
168 117 171 119
158 25 158 35
66 44 66 55
63 86 66 88
121 66 121 74
162 96 162 104
110 34 113 36
80 130 83 132
155 76 157 78
101 35 101 45
132 30 132 37
63 57 63 65
14 24 22 24
182 200 182 211
113 5 124 5
178 81 178 88
145 74 147 76
9 52 11 54
77 68 85 68
153 24 156 26
82 52 84 54
191 9 193 11
0 17 2 19
111 97 113 99
144 7 146 9
18 178 18 186
151 137 151 144
61 189 64 191
160 12 162 14
162 113 162 120
83 7 86 9
170 87 170 98
113 48 122 48
132 23 134 25
107 84 116 84
11 122 13 124
21 155 21 163
176 98 179 100
50 187 52 189
151 76 154 78
191 42 194 44
9 1 16 1
173 70 175 72
142 88 144 90
178 68 178 76
72 73 74 75
106 115 114 115
172 76 174 78
186 200 186 210
18 99 18 108
83 81 85 83
3 195 3 206
48 144 50 146
152 154 160 154
75 49 77 51
131 161 133 163
104 66 111 66
184 152 186 154
5 161 12 161
75 101 77 103
96 24 99 26
124 170 126 172
128 94 139 94
33 105 33 116
119 82 129 82
109 61 111 63
38 127 48 127
91 99 102 99
